U_mean = [ 0.98000002  1.93023808  3.03904767  4.04238097  4.95547626  5.93928569
  7.01666657  8.02023851  9.07261903 10.06238097 11.04285717 12.01285744
 13.03785706 14.02285689]
U_std = [0.         0.00698237 0.01600739 0.00249722 0.01353174 0.01474274
 0.00235708 0.00106462 0.0136816  0.00249674 0.00589029 0.00524903
 0.00589029 0.00699837]
U_mean_std = [0.         0.00152368 0.0034931  0.00054494 0.00295287 0.00321713
 0.00051436 0.00023232 0.00298557 0.00054483 0.00128537 0.00114543
 0.00128537 0.00152717]
U_mean_sys_fehler = [0.0598     0.06930238 0.08039048 0.09042381 0.09955476 0.10939286
 0.12016667 0.13020239 0.14072619 0.15062381 0.26042857 0.27012857
 0.28037857 0.29022857]

I_mean = [0.00979048 0.01930476 0.03044524 0.04051429 0.04970476 0.05962143
 0.07052143 0.08068334 0.09144048 0.10153095 0.10255    0.10255
 0.10255    0.10255   ]
I_std = [2.49715968e-05 7.54426650e-05 1.83812120e-04 4.40322739e-05
 1.43015888e-04 1.37643030e-04 2.91610858e-05 2.35706250e-05
 1.39401977e-04 2.42814563e-05 0.00000000e+00 0.00000000e+00
 0.00000000e+00 0.00000000e+00]
I_mean_std = [5.44924917e-06 1.64629392e-05 4.01110930e-05 9.60862992e-06
 3.12086252e-05 3.00361717e-05 6.36347062e-06 5.14353207e-06
 3.04200054e-05 5.29864817e-06 0.00000000e+00 0.00000000e+00
 0.00000000e+00 0.00000000e+00]
I_mean_sys_fehler = [0.00169581 0.0018861  0.0021089  0.00231029 0.0024941  0.00269243
 0.00291043 0.00311367 0.00332881 0.00353062 0.003551   0.003551
 0.003551   0.003551  ]
